kdelay=0.625
p1=0.0002095
p2=8
p3=0.523
p4=0.0514
p5=255
p6=2275
p7=0.000289
p8=0.000214
p9=0.000128
p10=-0.00000883
p11=0.88
p12=0.0114
p13=0.000385
p14=2.85
p15=0.000663
p16=95
p17=0.00109
p18=0.075
p19=0.000012
p20=5.37
p21=0.0689
p22=127
p23=2043
p24=0.0047
p25=0.00185
p26=0.00061
p27=-0.000505
p28=0.88
p29=0.207
p30=1166
p31=581
p32=2.37
p33=-3.71
p34=0.53
p35=6.9
p36=23
p37=0.118
p38=0.1008
p39=0.0026
p40=0.037
p41=0.0034
p42=6.5
p43=1.3
p44=0.12
p45=1.78
p46=0.12
p47=1
p48=25
