kdelay=15.015
p1=1.13016
p2=0.333333333
p3=20.832
p4=2.592
p5=14016
p6=36072
p7=0.000289
p8=0.000214
p9=0.000128
p10=-0.00000883
p11=21.12
p12=0.4536
p13=0.2904
p14=2.85
p15=0.015912
p16=95
p17=0.01776
p18=0.075
p19=0.137088
p20=128.88
p21=1.6536
p22=3048
p23=49032
p24=0.00395
p25=0.00185
p26=0.00061
p27=-0.000505
p28=21.12
p29=4.43928
p30=10800
p31=5272.8
p32=0
p33=-0.154583
p34=12.72
p35=5.424
p36=23
p37=1.41072
p38=0.29
p39=0.006
p40=0.888
p41=0.0816
p42=5
p43=31.2
p44=2.88
p45=42.72
p46=2.88
p47=3.2
p48=5.2